410.44 1
784.078 2
747.08 3
748.988 4
749.578 5
753.648 6
749.204 7
744.623 8
745.649 9
746.561 10
746.179 11
752.468 12
750.377 13
748.035 14
751.672 15
754.96 16
744.953 17
745.434 18
747.708 19
750.71 20
755.549 21
213.634 1
749.589 2
753.19 3
745.773 4
749.434 5
747.776 6
746.432 7
744.329 8
747.709 9
746.155 10
751.735 11
746.239 12
749.907 13
747.002 14
751.918 15
741.356 16
748.573 17
750.063 18
752.305 19
745.14 20
150.873 1
747.478 2
748.919 3
752.242 4
746.928 5
746.458 6
749.197 7
746.241 8
745.752 9
754.572 10
747.547 11
746.88 12
747.927 13
748.662 14
745.935 15
746.454 16
749.643 17
745.512 18
752.567 19
748.663 20
