410.753 1
793.921 2
749.409 3
746.779 4
745.668 5
753.957 6
747.174 7
749.114 8
747.715 9
760.327 10
750.717 11
747.532 12
750.906 13
751.383 14
746.131 15
746.414 16
745.697 17
746.983 18
749.484 19
748.162 20
744.307 21
213.859 1
743.76 2
744.946 3
751.332 4
756.082 5
761.433 6
750.202 7
748.341 8
751.491 9
746.833 10
748.658 11
747.602 12
746.765 13
745.837 14
748.393 15
745.908 16
749.003 17
750.892 18
756.175 19
748.473 20
151.125 1
750.192 2
741.318 3
750.646 4
746.622 5
747.857 6
754.53 7
747.025 8
749.659 9
745.283 10
748.91 11
754.584 12
744.093 13
746.55 14
750.503 15
746.791 16
747.039 17
746.833 18
749.68 19
746.812 20
